-0.36964212
0.32039632
0.36962008
-0.32038035
-0.02649302
0.026493195
-0.33628477
-0.29988823
-0.26058695
-0.21878658
-0.17488129
-0.12927936
-0.082444503
-0.034815329
0.013163621
0.061005846
0.10827092
0.1544775
0.19916741
0.24196458
0.28246879
0.3549987
0.38614579
0.4136926
0.43724477
0.45657646
0.47153528
0.48195274
0.48771817
0.4887481
0.48511403
0.47683123
0.46387333
0.44647418
0.42481302
0.39904946
0.33628019
0.29988469
0.26058234
0.21878381
0.17488227
0.12926946
0.082431101
0.034802425
-0.013167336
-0.061007529
-0.10825927
-0.1544726
-0.19920077
-0.24200274
-0.28245837
-0.35488984
-0.3861499
-0.41366944
-0.43724229
-0.45663627
-0.47153407
-0.48192717
-0.48772383
-0.4887787
-0.48511727
-0.47678585
-0.46388726
-0.44651506
-0.42482738
-0.39904186
0.3161443
0.30896168
0.29876611
0.28571717
0.26992771
0.25154249
0.23073949
0.20771215
0.18268142
0.1558937
0.12761367
0.098089069
0.067610493
0.036497407
0.0050362583
-0.05773806
-0.08844702
-0.118303
-0.14701959
-0.17431753
-0.19994266
-0.22364067
-0.24517626
-0.2643519
-0.28098089
-0.29492126
-0.30600009
-0.31410209
-0.31924084
-0.32131068
-0.31605471
-0.30888809
-0.2987523
-0.28574011
-0.26999241
-0.25158217
-0.23072889
-0.20772192
-0.1827034
-0.15589299
-0.12759311
-0.098076489
-0.067616126
-0.036500887
-0.0050348848
0.05774175
0.088443597
0.11829215
0.14701309
0.17432935
0.19993169
0.22362054
0.24517623
0.26435048
0.28098293
0.29493102
0.30602214
0.31412225
0.31921148
0.32124314
-0.36507646
-0.35719342
-0.34585702
-0.33119847
-0.3133475
-0.29248503
-0.26880179
-0.24252251
-0.21390747
-0.18323704
-0.15081373
-0.11692175
-0.081894588
-0.046099874
-0.009858996
0.062559161
0.098046673
0.13259223
0.16585708
0.19752438
0.22728005
0.2548668
0.28002081
0.30239073
0.32189573
0.33831057
0.35143354
0.3611959
0.36750795
0.37025861
0.36505894
0.35717845
0.34583988
0.33119881
0.3133875
0.29248807
0.26879675
0.24253917
0.21392182
0.18324186
0.15080028
0.11691626
0.081905057
0.046104371
0.0098604911
-0.062566441
-0.09805105
-0.13258511
-0.16584654
-0.19751351
-0.2272843
-0.25484813
-0.27997219
-0.30242313
-0.32191045
-0.33833853
-0.35149749
-0.36123407
-0.36752146
-0.37027695
0.48948374
0.31814405
0.2652201
0.31712963
0.23839092
0.48242117
0.46522472
0.3707886
0.19132647
0.42637343
0.45573905
0.17607882
0.34041076
0.39066812
0.13494109
0.35998409
0.41357504
0.1065173
0.2858073
0.30455029
0.28337667
0.32083155
0.29831887
0.33446387
0.35539402
0.36736254
0.3865481
0.39669801
0.37566418
0.40319487
0.42223828
0.42676984
0.38070216
0.31042073
0.44380772
0.44614092
0.427037
0.44425944
0.43719647
0.42298003
0.43818382
0.4566018
0.4478696
0.46107852
0.37287359
0.41482029
0.39759943
0.42795702
0.44921563
0.46480759
0.45375555
0.43479335
0.43867009
0.41746992
0.4368887
0.42014809
0.38749773
0.36838362
0.39637333
0.39991786
0.27298355
0.28349941
0.32241366
0.31967732
0.2912989
0.2537385
0.26023815
0.29599108
0.47151045
0.21990482
0.37675004
0.34566119
0.47715147
0.45602034
0.466053
0.44177904
0.21474239
0.39200781
0.35247262
0.40169592
0.42128721
0.48127546
0.43899851
0.18148047
0.36782615
0.31992356
0.31092354
0.36495728
0.26595014
0.47124671
0.47898515
0.41963126
0.48666172
0.35646116
0.37364663
0.28014314
0.24281743
0.29442573
0.47046359
0.33568737
0.26848329
0.48590054
0.47796518
0.4690948
0.44704549
0.40334827
0.4120961
0.38589197
0.36867034
0.3691936
0.30231004
0.33796024
0.20772645
0.22326136
0.16311626
0.14175531
0.18315248
0.38251803
0.43656375
0.21777254
0.25952889
0.34021798
0.34510457
0.41369647
0.24454134
0.32519689
0.4058048
0.40390687
0.45717088
0.41442732
0.46098441
0.40324451
0.45860569
0.42653789
0.47336492
0.33837827
0.23306728
0.3521474
0.20520997
0.38101123
0.41199212
0.47172578
0.35601677
0.39678725
0.10793629
0.45602627
0.38580001
0.35501756
0.48145701
0.38791573
0.17522306
0.35553434
0.39745341
0.32560999
0.34148425
0.44139023
0.48542309
0.47989301
0.33585429
0.14577674
0.46911855
0.45310943
0.39119597
0.074177704
0.29565623
0.40359923
0.43305417
0.24201768
0.36072154
0.34511054
0.48609288
0.42289301
0.14925669
0.37975356
0.48807358
0.42105457
0.34127358
0.34092228
0.26460083
0.060727631
-0.15953827
-0.22181049
0.30008411
0.18918013
-0.082072094
-0.081174311
0.19692674
-0.17386166
0.32965064
0.12291984
-0.26015037
-0.0185058
0.28012588
-0.28222968
0.3429944
0.054145624
-0.2723495
-0.23230719
-0.2194349
-0.1900359
-0.17993505
-0.1460012
-0.12910951
-0.099326263
-0.084381733
-0.053308266
-0.036979905
-0.0063942693
0.010056377
0.040711923
0.05681694
0.026187399
0.087589127
0.072725302
0.041142994
0.087600631
0.055804842
0.11869984
-0.11183789
0.0089153005
0.023619574
-0.022445762
0.071292977
0.11777303
0.13337008
0.16328433
0.070327841
0.037906401
-0.023348704
0.10091778
0.14670393
0.1628653
0.19119417
0.20684873
0.12958944
0.23416097
-0.037922948
0.083724611
0.050956046
-0.11346115
0.17781092
0.20746109
0.0049846766
-0.07233166
0.14679343
0.19156493
-0.055126863
0.049978778
0.24855361
0.21915222
0.25961019
-0.088169665
0.015571963
-0.20597659
0.14831098
-0.052791555
0.096368095
0.15803642
0.22005887
0.24514185
-0.10712018
-0.086568371
0.25991256
0.28608474
0.26542679
0.19543598
-0.03651826
-0.13748194
-0.12320435
-0.13218255
-0.16517798
-0.17242708
-0.24579698
0.28265207
0.30089653
0.33657473
0.23889505
0.01264303
0.036276032
-0.0098667871
0.085312671
0.015734342
-0.032538901
0.10801935
0.24022683
0.088528453
0.080088613
0.15581812
-0.035468244
-0.12885373
-0.14716331
0.15351424
0.16948495
0.13111432
-0.051770428
-0.21788996
0.17745079
-0.20533975
-0.19141603
0.27245773
-0.008596327
0.10342807
-0.0058120912
0.22115034
0.10222949
0.023352657
-0.068770363
-0.082764006
-0.15894521
-0.021271162
-0.23691449
-0.040708753
0.13370222
0.11494391
0.038147521
0.17790846
-0.067949622
0.14279773
-0.057916092
0.31673963
0.0089012413
-0.2595718
0.010400564
-0.096042725
0.19253271
0.31961914
-0.10378271
-0.11131324
0.23113303
0.081946243
-0.19303678
-0.15002636
0.31694107
0.2905706
0.12584994
0.065462076
0.11248682
0.34783027
0.027916875
-0.29175934
-0.19502321
-0.12074233
0.20917044
-0.069687589
0.23834094
0.006406752
0.16607829
-0.019416272
0.30107454
0.22337682
0.051722763
-0.13248435
0.041925615
-0.21417781
-0.19831719
0.19983202
-0.056235955
0.084845048
-0.27616935
-0.1391623
0.2569119
0.12490287
-0.19370853
0.27860055
-0.072534851
-0.31052832
0.18093171
-0.27490957
0.071728371
0.25879765
0.0033753536
-0.33434226
-0.0083197718
-0.028934464
-0.076502804
-0.048972396
-0.096255036
-0.068340211
-0.020774039
-0.039927428
0.0077853082
-0.011290593
-0.058879213
-0.030073893
0.017614741
-0.0011383709
-0.077018678
-0.11522496
0.046484796
0.027615045
-0.020064585
0.0087392247
0.065108463
-0.038981644
-0.010146855
0.093676134
0.11194853
0.037543886
0.01864141
0.026584055
0.13882389
0.15587175
0.1289033
0.1202601
0.17332687
0.14443984
-0.028542261
-0.00020627427
0.18731579
0.066196535
0.15841216
0.2076325
-0.14257195
-0.1609758
0.018902486
-0.13290407
-0.17794341
-0.20520157
-0.22125517
-0.19309035
-0.067607365
-0.086267646
-0.11442924
-0.24856466
0.084750961
0.11553495
0.16229755
-0.23001824
0.11339365
-0.13269854
-0.16035283
-0.10408405
-0.1408745
-0.04726817
0.12941793
0.054474428
0.2126327
-0.27021033
-0.01839113
0.028181669
-0.18540707
-0.2052497
0.12745436
0.084910572
-0.23336854
0.0049885323
0.15928424
-0.15187384
0.097338313
-0.23214879
-0.10350076
0.22345382
0.24128582
0.21953928
0.099007249
0.27018511
0.038948971
0.13349546
-0.10710197
-0.29488956
-0.26777119
-0.23630659
-0.32440761
-0.28811416
0.15543977
0.28466922
0.24707029
0.25258169
0.21470641
0.1717795
-0.14947031
-0.12336731
-0.036642102
-0.001416954
-0.086890877
0.036041785
-0.18764577
-0.14929137
-0.048633937
-0.057012243
0.056268534
-0.17916891
-0.09528734
0.047382287
0.074647476
0.083071117
-0.093318857
0.10177358
-0.22855626
-0.16850047
-0.10470911
-0.16933249
-0.21176001
-0.25316464
0.10040427
0.074440813
0.047210845
-0.31248289
0.2893283
-0.12196911
0.19749009
0.18237177
0.070832987
-0.075805725
-0.25291589
-0.12288881
0.041950193
0.14352268
-0.16635049
0.21756619
-0.063690515
0.063327256
0.052632554
-0.30437964
0.20484318
0.18020011
0.23474448
0.024906822
-0.34238972
0.29516516
-0.20463802
0.16508652
-0.036287481
0.2464418
-0.26432533
0.09975571
0.19072918
0.035926627
-0.28334886
0.2200171
0.48488774
0.28560387
0.25008438
0.17284224
0.4612458
0.4774519
0.19312334
0.35148874
0.30775705
0.12550156
0.45191947
0.4222233
0.11169064
0.33236404
0.37783639
0.05765527
0.40882116
0.36803522
0.22619417
0.26680931
0.2901723
0.30506673
0.32714428
0.34068482
0.31704755
0.35107955
0.32582943
0.35822855
0.38176265
0.38712791
0.36179262
0.38888563
0.40854933
0.36114755
0.36183454
0.3870979
0.41229486
0.40849624
0.33289613
0.43179442
0.42595904
0.33126881
0.30072001
0.400657
0.41613879
0.2907255
0.2983142
0.26673115
0.26746936
0.32680967
0.23127294
0.23173133
0.43913885
0.42747719
0.19614789
0.38886578
0.19419684
0.15453857
0.34609072
0.37824095
0.24046853
0.39165383
0.40688525
0.39158704
0.41832577
0.43110476
0.43354963
0.45096159
0.4505753
0.40047942
0.37154609
0.35620977
0.29467356
0.37318529
0.23036073
0.4658199
0.46322147
0.46398465
0.44629559
0.44843143
0.34018825
0.29798627
0.19674484
0.37984734
0.43466681
0.4118623
0.45728467
0.4713803
0.18978693
0.22584614
0.44114145
0.41900956
0.32230067
0.47680627
0.37128187
0.46006121
0.27226834
0.25464799
0.22515085
0.23037054
0.36589176
0.15795455
0.19936461
0.15164036
0.46708759
0.44341411
0.42801904
0.32167448
0.39728746
0.40290189
0.32950301
0.09131708
0.13479148
0.098722945
0.11204069
0.15346707
0.29118812
0.31083588
0.43230503
0.28020593
0.37313781
0.33133984
0.36129107
0.41751561
0.41222465
0.44684421
0.3813243
0.47618319
0.43142568
0.40222082
0.35833418
0.30097555
0.46501532
0.35150835
0.48155634
0.32781135
0.40160785
0.48334407
0.34229633
0.47365287
0.26625041
0.3852595
0.38397141
0.34424975
0.055807991
0.42571601
0.23185566
0.29091409
0.26317381
0.45814674
0.35320984
0.47299698
0.25575297
0.32087435
0.43941097
0.077846819
0.45316494
0.21337495
0.39466705
0.37791245
0.26058415
0.26578195
0.19545652
0.38679902
0.34112535
0.021760528
0.44719902
0.31173507
0.43889824
0.16030653
0.4478955
0.18998519
0.29854167
0.39809549
0.35778432
0.16856697
-0.0042807351
0.1872982
-0.25664499
-0.18466875
0.082571667
-0.14821369
0.11129016
-0.3168477
0.24558201
0.052225713
0.17757999
-0.24093647
-0.12165276
-0.33410921
0.27061995
-0.053640673
0.25925224
-0.31931284
-0.087639036
-0.075830834
-0.10900996
-0.063066591
-0.095606807
-0.049284535
-0.081468788
-0.034831489
-0.066732088
-0.019854293
-0.051009131
-0.0042973291
-0.03563111
0.011136252
-0.020304624
-0.0669161
0.026766195
-0.051338119
-0.098109521
-0.081886101
-0.12826362
-0.035013363
-0.11035133
-0.14403083
-0.17344296
0.027254558
0.058150796
0.073645078
-0.065234022
-0.018447319
-0.15703394
-0.20132832
-0.18835353
0.10355756
0.1193523
0.088194851
0.13366648
0.10174346
0.15037621
0.14680155
-0.15806573
-0.18343036
-0.22685479
-0.0024445681
-0.047924282
-0.00051632446
-0.24367024
-0.20249033
-0.094782504
-0.077658612
-0.23063549
0.086796872
0.11410196
0.18034194
0.19035227
-0.17279466
-0.27129767
-0.037277777
0.01180043
-0.12731051
-0.2055924
-0.12210153
0.069365353
0.22319286
-0.24576111
-0.27036953
0.079304665
0.12286506
0.040510536
-0.10994845
-0.28903008
-0.28435137
-0.21442577
-0.1790461
-0.2143785
-0.17667505
-0.15390914
0.23211115
0.19686835
0.21844533
0.25902676
-0.06072133
0.16330461
0.14199417
0.11799526
0.16373615
0.097810191
0.065054967
-0.28163696
-0.26121007
-0.19786386
0.13829306
0.081453494
0.034360024
0.22921344
0.20172319
-0.32842615
0.020570627
-0.13988543
-0.13245028
0.20909221
-0.20916375
0.15687889
-0.21655086
-0.0042738003
-0.113291
-0.03068776
-0.11139756
0.1678535
0.040076996
0.011881442
0.043696408
-0.011684492
-0.082368254
-0.032226207
-0.25760381
0.042551298
-0.13923008
-0.30350649
0.05749583
-0.096449371
0.090775701
-0.17897957
0.19198622
0.27780124
-0.34191459
-0.30067597
-0.0097583474
-0.14066659
0.027247337
0.1330053
-0.3041925
0.065091716
0.037434139
0.12706254
0.0068720379
0.23769272
0.035285527
-0.16317027
-0.24521298
-0.22210052
-0.14855501
0.29178748
-0.34797567
-0.029531396
-0.24580763
0.027375653
-0.28740226
0.21549162
0.0064659293
0.062182225
-0.14417634
-0.30347211
0.15952565
-0.10689251
-0.16702451
-0.27758481
0.12169736
0.060694574
0.22816676
-0.2024533
-0.25642085
0.14103744
0.14796575
-0.086364314
-0.12986249
0.29609478
-0.17916892
0.071968832
0.23828132
-0.27916782
0.32344994
-0.075272886
-0.28626386
0.0024792624
0.31495285
-0.22262654
-0.17946745
-0.15757492
-0.13437713
-0.11159408
-0.087589902
-0.10983785
-0.062573933
-0.08440695
-0.036788089
-0.01471466
0.011312255
-0.010815655
0.037409735
0.032835142
-0.064325368
0.015298439
0.062949449
0.084983443
0.11025364
-0.032900784
0.13159303
0.15633427
-0.0069503017
-0.054845265
0.087767004
-0.13065451
0.17708302
0.15149537
0.20111831
0.17947456
-0.028429196
-0.076205801
-0.10222066
-0.12358843
-0.14862246
0.22337238
-0.16737755
0.19621274
0.1697864
-0.19315713
-0.20992805
-0.087703888
-0.040269061
-0.20011744
-0.016437114
0.00775401
-0.015997098
0.03204756
0.054672202
0.019053026
0.0077385132
0.1247571
0.14188827
-0.0023147767
0.20087899
0.15617035
0.24245892
-0.038685144
-0.17226531
0.09687085
-0.10509518
0.26209976
0.044409494
-0.14113553
-0.015906471
-0.21803737
0.11420148
0.15800662
-0.19367375
0.079433423
0.17577592
0.13067085
0.28816536
0.101521
0.21362133
0.2380907
0.12388882
-0.17953575
0.20074681
0.19716743
0.18628959
0.17111955
0.0081776797
-0.038715158
-0.066796832
-0.10284821
-0.13568415
0.10683638
0.061904439
-0.24165987
-0.26005754
-0.15563811
-0.13404633
0.27821112
0.31061465
-0.2218119
-0.20094539
-0.24377916
-0.25764302
-0.23696824
0.038135395
0.026653247
-0.15571215
-0.039713064
-0.058565397
-0.063536802
0.029820371
0.058996053
0.10583713
0.040879533
0.24138863
0.13404598
0.21924141
0.21951299
-0.08035462
0.11092663
0.25375843
-0.11015113
0.0075834259
0.065683269
-0.084585348
0.078685568
-0.12681752
0.27671518
-0.041949154
0.33075849
-0.26186213
-0.095222687
-0.14955294
0.053316517
0.087800692
0.25921402
-0.058680214
-0.1731316
0.073461047
-0.2931391
0.26078177
0.27850438
0.02779931
-0.019095417
-0.21815397
-0.0027033081
-0.047083694
-0.11625286
-0.025301314
0.34411205
-0.29419383
0.090864418
0.2944308
-0.16287055
0.10332134
-0.23110291
0.066248385
0.29549424
-0.040109376
0.10434525
-0.17826768
-0.25258728
-0.48129364
-0.28224858
-0.19416976
-0.47787895
-0.29279548
-0.17192113
-0.34798212
-0.44302836
-0.11313893
-0.45187877
-0.32329802
-0.12389962
-0.39668647
-0.37586491
-0.061065819
-0.4092563
-0.33989042
-0.25490615
-0.29271953
-0.31927588
-0.32786234
-0.35298575
-0.36007133
-0.3332863
-0.36382384
-0.33535605
-0.36420721
-0.39091363
-0.38950128
-0.36094919
-0.38445281
-0.41384158
-0.38346999
-0.35414578
-0.37575653
-0.40423011
-0.39369178
-0.32889354
-0.4202687
-0.40774349
-0.3203717
-0.29362175
-0.36352991
-0.30366403
-0.43235682
-0.4427959
-0.41782812
-0.39126915
-0.28457552
-0.25682407
-0.26415216
-0.22508822
-0.23225051
-0.39935489
-0.1936677
-0.45275428
-0.46103271
-0.19851466
-0.15482172
-0.37471902
-0.40325897
-0.26299718
-0.41022053
-0.42804269
-0.41908326
-0.44184678
-0.4482957
-0.30895221
-0.4304841
-0.44894057
-0.46491078
-0.27333492
-0.37090385
-0.36097227
-0.37761829
-0.40660824
-0.23767869
-0.45079428
-0.30427994
-0.40397036
-0.29640831
-0.1878552
-0.41548616
-0.20104622
-0.46467114
-0.4765593
-0.2393665
-0.4600917
-0.33731272
-0.32552949
-0.3828322
-0.28844008
-0.46878903
-0.45849652
-0.47295894
-0.30746187
-0.48478733
-0.3111557
-0.47480417
-0.48353968
-0.22479228
-0.19960533
-0.21104821
-0.36357504
-0.14123305
-0.46705104
-0.453479
-0.22456413
-0.16737144
-0.32912438
-0.3428404
-0.3319488
-0.4221693
-0.083499826
-0.12905512
-0.097625491
-0.11737529
-0.16156867
-0.43286165
-0.4353987
-0.299741
-0.38887844
-0.33414114
-0.39251555
-0.4323429
-0.4108774
-0.42869383
-0.34386313
-0.42378694
-0.37935397
-0.34739118
-0.43997688
-0.30063848
-0.34784632
-0.47329203
-0.3624537
-0.41348038
-0.33087578
-0.37909787
-0.43292604
-0.26953396
-0.46021311
-0.38827377
-0.36882836
-0.052389605
-0.21906118
-0.27296006
-0.43390835
-0.3145209
-0.44387807
-0.39191926
-0.27206129
-0.45023957
-0.087237978
-0.35495692
-0.42593474
-0.26302162
-0.23645016
-0.23262171
-0.41606936
-0.24874204
-0.18065993
-0.38678088
-0.34141281
-0.0216359
-0.46136189
-0.40645461
-0.14990986
-0.46790484
-0.20631218
-0.2852032
-0.3569292
-0.39799913
-0.26199282
-0.16337398
-0.28694152
-0.48523252
-0.29397487
-0.35506669
-0.21690613
-0.31845035
-0.48211764
-0.44630051
-0.20824632
-0.45615365
-0.34010069
-0.16373742
-0.38258698
-0.14319584
-0.40116426
-0.39619561
-0.35688717
-0.10324224
-0.31795456
-0.33058652
-0.30578584
-0.3404848
-0.31421858
-0.34749344
-0.37209814
-0.37737119
-0.4001668
-0.40356428
-0.37887964
-0.40318598
-0.42592094
-0.42354309
-0.37683952
-0.31962708
-0.44423995
-0.43974625
-0.41698838
-0.43114669
-0.4445013
-0.40631944
-0.41845138
-0.46066036
-0.45875005
-0.44120897
-0.42644477
-0.39303517
-0.47237644
-0.4680773
-0.45235728
-0.47199642
-0.4596725
-0.44154815
-0.40202056
-0.40771551
-0.44728017
-0.44712238
-0.4266757
-0.43306075
-0.28497291
-0.28877096
-0.35189185
-0.32210418
-0.28977266
-0.25504793
-0.25474968
-0.28783473
-0.39018476
-0.37759398
-0.35966767
-0.21733261
-0.45967425
-0.46409302
-0.48120606
-0.21876361
-0.41892517
-0.34523718
-0.32554429
-0.36141826
-0.33888368
-0.3822003
-0.47321239
-0.41873619
-0.46289854
-0.18179412
-0.3865883
-0.41037303
-0.30385892
-0.28783972
-0.40112016
-0.39442169
-0.25377613
-0.38257093
-0.47632718
-0.32611442
-0.44963139
-0.26149555
-0.2678025
-0.48934106
-0.48812239
-0.48293257
-0.42509648
-0.4707896
-0.33766336
-0.37741622
-0.33029228
-0.19093813
-0.21298512
-0.17568054
-0.13379941
-0.17737318
-0.46517185
-0.43713535
-0.44445558
-0.42286304
-0.40726823
-0.40742534
-0.23884838
-0.2780789
-0.3472151
-0.36341197
-0.35135372
-0.42415056
-0.2525806
-0.3210713
-0.39885872
-0.39211901
-0.4517665
-0.30857605
-0.37058203
-0.43050665
-0.45812471
-0.44055859
-0.35226674
-0.46758516
-0.26450295
-0.24771278
-0.35152788
-0.30410267
-0.21572765
-0.2422673
-0.43256667
-0.43024306
-0.37379412
-0.11105472
-0.41448341
-0.347813
-0.47348772
-0.48554054
-0.4090994
-0.37357639
-0.18158814
-0.34091578
-0.38166327
-0.47854665
-0.31532136
-0.38296921
-0.36019439
-0.3683541
-0.40775776
-0.14371332
-0.48712677
-0.47983897
-0.47384601
-0.34683226
-0.074519712
-0.39206577
-0.28348403
-0.48126394
-0.36453982
-0.46024504
-0.22516755
-0.37994368
-0.4778923
-0.38548602
-0.15262012
-0.45005539
